1378
1825
2704
3032
3635
4096
4324
4572
4770
5013
5162
5366
5526
5707
5854
6011
6156
6237
6311
6409
6549
6685
6808
6911
7005
7075
7145
7221
7291
7351
7398
7466
7533
7600
7647
7696
7748
7782
7834
7881
7927
7967
8016
8064
8113
8159
8212
8247
8289
8340
8387
8417
8459
8506
8541
8581
8618
8654
8688
8719
8745
8778
8809
8832
8860
8880
8896
8927
8950
8979
9000
9024
9048
9081
9099
9115
9137
9161
9200
9226
9248
9271
9301
9330
9353
9374
9393
9412
9432
9449
9479
9494
9518
9541
9564
9582
9596
9611
9624
9641
9655
9672
9690
9701
9716
9732
9748
9763
9772
9782
9798
9810
9818
9835
9857
9874
9885
9899
9912
9929
9935
9951
9965
9974
9988
10008
10028
10051
10059
10073
10087
10097
10101
10115
10125
10142
10155
10162
10170
10185
10199
10212
10218
10231
10242
10254
10267
10282
10288
10299
10305
10317
10319
10328
10338
10347
10356
10365
10373
10381
10385
10395
10398
10407
10415
10428
10433
10443
10445
10452
10461
10467
10473
10479
10489
10497
10501
10506
10514
10520
10535
10541
10549
10552
10555
10561
10570
10578
10586
10596
10605
10612
10620
10624
10635
10645
10653
10660
10669
10677
10679
10684
10694
10697
10705
10715
10724
10730
10740
10748
10757
10764
10770
10782
10787
10792
10803
10811
10815
10820
10825
10829
10837
10845
10859
10865
10876
10881
10890
10897
10902
10906
10915
10917
10924
10930
10934
10939
10946
10950
10960
10968
10973
10979
10981
10989
11000
11007
11013
11030
11033
11042
11049
11054
11063
11069
11079
11082
11093
11100
11107
11110
11118
11120
11123
11130
11136
11142
11148
11153
11159
11165
11170
11174
11179
11187
11188
11192
11201
11207
11211
11216
11219
11229
11233
11239
11244
11251
11253
11256
11263
11269
11275
11280
11281
11283
11289
11293
11298
11302
11305
11309
11312
11316
11319
11324
11327
11334
11336
11342
11347
11349
11353
11358
11360
11366
11370
11374
11378
11385
11392
11394
11397
11400
11405
11409
11415
11419
11425
11426
11429
11433
11437
11439
11441
11446
11448
11449
11452
11454
11461
11461
11464
11468
11472
11475
11482
11485
11488
11491
11492
11497
11500
11503
11505
11508
11512
11514
11520
11521
11526
11533
11538
11538
11541
11541
11543
11548
11552
11557
11559
11565
11568
11573
11582
11586
11589
11593
11595
11601
11608
11610
11614
11624
11627
11632
11639
11643
11647
11652
11654
11658
11662
11671
11676
11679
11681
11689
11695
11697
11701
11703
11706
11713
11716
11717
11722
11725
11730
11737
11745
11746
11752
11755
11756
11759
11761
11770
11773
11773
11774
11777
11780
11786
11789
11792
11797
11798
11801
11804
11808
11810
11816
11819
11822
11823
11826
11830
11838
11843
11848
11849
11853
11855
11856
11858
11860
11862
11867
11872
11873
11876
11878
11878
11881
11884
11886
11889
11890
11892
11893
11894
11897
11897
11900
11902
11906
11907
11910
11911
11912
11915
11918
11919
11920
11922
11924
11928
11929
11932
11933
11937
11937
11938
11942
11945
11948
11953
11955
11957
11959
11960
11962
11966
11970
11973
11976
11977
11981
11985
11988
11990
11995
11998
12001
12003
12006
12012
12012
12014
12017
12022
12024
12024
12028
12032
12036
12039
12043
12047
12049
12051
12055
12056
12061
12063
12066
12070
12073
12076
12076
12078
12083
12083
12085
12085
12087
12088
12091
12096
12098
12102
12103
12103
12105
12108
12114
12116
12117
12118
12121
12123
12125
12127
12129
12130
12133
12136
12139
12140
12144
12145
12149
12150
12151
12154
12157
12159
12163
12167
12169
12172
12174
12177
12178
12179
12183
12186
12188
12190
12192
12195
12197
12201
12202
12204
12204
12207
12209
12211
12214
12217
12217
12218
12220
12225
12227
12231
12234
12235
12236
12237
12241
12244
12245
12248
12250
12254
12258
12259
12260
12262
12267
12269
12271
12273
12273
12277
12279
12280
12282
12284
12287
12290
12292
12294
12295
12296
12296
12300
12301
12303
12305
12308
12309
12309
12312
12316
12317
12323
12325
12328
12329
12330
12332
12335
12338
12342
12342
12344
12346
12348
12353
12354
12355
12357
12360
12360
12360
12362
12365
12365
12370
12372
12373
12375
12375
12377
12378
12380
12380
12385
12388
12390
12393
12395
12397
12399
12401
12402
12402
12407
12410
12411
12413
12416
12418
12422
12424
12425
12426
12427
12430
12433
12436
12439
12442
12443
12448
12450
12451
12454
12454
12457
12460
12464
12464
12465
12466
12472
12473
12476
12477
12480
12481
12483
12484
12485
12486
12487
12489
12492
12492
12494
12497
12498
12499
12499
12502
12503
12504
12505
12509
12511
12513
12516
12519
12521
12522
12528
12530
12530
12533
12535
12539
12540
12542
12542
12543
12545
12547
12549
12550
12554
12555
12557
12558
12560
12562
12563
12568
12569
12574
12576
12578
12580
12584
12584
12586
12587
12592
12595
12596
12599
12602
12603
12605
12609
12613
12613
12616
12620
12623
12626
12629
12633
12633
12635
12638
12639
12641
12641
12643
12645
12645
12647
12649
12650
12654
12656
12657
12658
12661
12665
12668
12669
12670
12671
12671
12673
12677
12681
12683
12684
12685
12689
12693
12695
12697
12698
12701
12702
12705
12709
12711
12712
12714
12716
12716
12718
12720
12723
12725
12727
12728
12731
12732
12733
12733
12734
12740
12742
12744
12746
12747
12751
12754
12756
12757
12758
12760
12761
12762
12762
12764
12766
12770
12774
12780
12782
12784
12787
12787
12789
12790
12796
12797
12797
12801
12803
12805
12806
12806
12809
12810
12814
12815
12817
12820
12820
12824
12826
12829
12835
12836
12840
12842
12845
12847
12848
12850
12851
12852
12857
12860
12862
12865
12866
12870
12872
12875
12876
12878
12880
12880
12880
12883
12887
12887
12889
12893
12895
12899
12903
12903
12904
12904
12905
12905
12906
12911
12914
12917
12921
12922
12923
12927
12927
12929
12932
12933
12936
12936
12937
12939
12939
12940
12941
12942
12943
12944
12946
12949
12950
12952
12954
12957
12957
12959
12961
12965
12966
12968
12971
12972
12974
12975
12976
12977
12977
12978
12980
12981
12981
12983
12985
12985
12987
12987
12987
12988
12990
12990
12990
12990
12991
12993
12995
12997
12997
12997
13000
13001
13001
13003
13005
13008
13011
13012
13015
13016
13017
13018
13021
13023
13025
13026
13026
13029
13031
13031/49775